[Trafo]
dwCount=0
m_bUse=1
m_bHackNoKalibMatrix=0
m_bHackNoViereckProj=0
m_bApplyCalibMatrixFinally=1

[KalibEx]
m_mKalibExScanToTrafo0=1.003339126418935 -0.001476744704041445 0.008140123871298295 -115.0600567207836
m_mKalibExScanToTrafo1=0.001765907982991984 1.002734539492633 -0.03575150167706292 30.80112003475788
m_mKalibExScanToTrafo2=-0.008082323957662181 0.03576461279321384 1.002703053503812 -3.263990692198149
m_mKalibExScanToTrafo3=0 0 0 1
m_mKalibExTrafoToScan0=0.9966042295148386 0.001754054355544985 -0.008028071494893532 114.5891087867619
m_mKalibExTrafoToScan1=-0.001466832080210168 0.9960037008680471 0.03552454343517241 -30.73085154873165
m_mKalibExTrafoToScan2=0.008085483427587669 -0.03551152032716679 0.995972426228392 5.274955510902481
m_mKalibExTrafoToScan3=0 0 0 1
